playbook-artifacts/ping_localhost-artifact-2022-01-31T12:24:39.662401+00:00.json
playbook-artifacts/ping_localhost-artifact-2022-01-31T12:25:13.794014+00:00.json
playbook-artifacts/ping_localhost-artifact-2022-01-31T12:27:26.503165+00:00.json
playbook-artifacts/ping-artifact-2022-01-31T12:20:24.545967+00:00.json
playbook-artifacts/ping-artifact-2022-01-31T12:27:49.877841+00:00.json
playbook-artifacts/ping-artifact-2022-01-31T13:01:29.649641+00:00.json
playbook-artifacts/ping-artifact-2022-01-31T13:01:45.766307+00:00.json
playbook-artifacts/ping-artifact-2022-01-31T13:23:27.955733+00:00.json
playbook-artifacts/ping-artifact-2022-01-31T13:46:47.595221+00:00.json
playbook-artifacts/ping-artifact-2022-01-31T13:47:41.913485+00:00.json
playbook-artifacts/ping-artifact-2022-01-31T13:48:12.198824+00:00.json
playbook-artifacts/ping-artifact-2022-01-31T13:48:40.897467+00:00.json
ansible-navigator.log
slides.md
